124.815487 90.009017 48.375310
124.520362 74.995533 53.559894
115.726674 81.053930 57.404650
118.245147 63.178944 59.728018
120.823758 83.055012 63.151244
124.386394 57.286567 56.426196
134.991826 59.383137 54.697092
114.657573 68.380271 63.417058
125.539164 45.858689 57.426765
116.090452 45.845761 58.802951
111.315452 51.863016 63.209462
134.559748 53.811510 61.274203
111.685087 76.468438 66.107918
110.208770 37.540966 56.236102
132.341806 42.784530 58.918584
103.687944 54.617852 62.541785
103.167342 42.669738 58.136985
120.323727 35.161315 54.873374
104.876782 61.887144 67.162756
106.020428 88.474364 61.720079
135.754457 54.644576 69.352789
103.561189 76.410984 64.996715
96.557364 47.507340 65.083954
123.935932 34.531436 62.497840
100.225140 64.864665 69.424119
96.247306 55.292005 70.240860
94.516416 36.223790 60.243526
110.455073 27.241151 60.537620
134.836004 44.256299 70.833170
100.541301 28.341590 60.889759
103.928893 84.226032 67.584005
97.629411 64.995130 75.136210
119.030013 30.582557 69.762345
126.022471 37.040620 72.877104
94.803034 46.856626 73.930733
133.724778 55.248551 78.864428
95.213485 57.440271 78.139807
106.749135 70.865221 72.549130
98.629110 31.273852 69.790881
95.994093 23.516280 71.169995
102.052039 80.477653 74.580171
137.495690 48.342205 80.885940
95.913263 38.131401 73.910306
107.340240 24.396336 74.069408
132.941742 41.103571 81.886583
106.975712 57.902174 75.757087
101.425070 51.244926 80.656722
103.973562 75.386643 76.883843
114.519207 31.314493 79.553605
112.000876 66.788817 77.166664
96.846211 44.968607 82.156661
92.591359 31.366873 76.627919
122.077797 38.711679 81.849138
98.787644 26.490990 82.561506
106.698456 68.119898 80.502333
107.996478 60.986631 81.239421
97.922036 56.742304 84.117848
107.504767 28.035769 88.591386
138.165984 51.257050 92.073124
91.465171 46.334993 84.134369
131.395939 45.832375 88.454725
93.871606 33.780697 88.513289
108.113839 66.084160 88.302827
114.967071 35.371813 92.109651
124.301762 36.609446 90.977148
97.204034 57.202048 88.554911
92.660381 43.568576 93.417840
99.691510 30.959874 96.995414
105.892252 58.827173 89.412570
107.208589 36.418537 94.692558
94.313078 49.019433 98.778815
117.027135 44.910687 91.208396
95.229380 37.948653 104.053121
121.751461 41.689349 97.356989
103.728487 51.009676 96.460608
107.034869 37.428715 105.366346
113.708252 44.860487 100.833023
102.327667 45.251536 106.561753
104.292683 40.672143 113.877590
112.375482 44.760738 113.728217
102.680140 47.339649 116.978020
140.075752 131.627536 63.661660
145.819158 122.720071 71.157043
152.212370 114.517739 75.000409
155.293073 107.349241 77.683260
142.247585 112.286636 78.172184
132.941646 106.473174 74.866026
155.441356 96.191506 77.768713
142.738404 105.628718 77.770153
149.511514 99.641977 81.703120
131.040250 101.928891 83.171588
123.592123 101.641596 82.089126
125.793773 111.913961 86.115859
151.457721 86.166523 81.177827
132.486079 96.009437 80.375683
123.630203 94.887982 88.532224
123.850202 103.290988 90.679989
130.544117 113.028381 89.720867
138.571393 92.188018 82.945751
144.515341 79.153048 85.887423
148.947393 89.318476 87.488834
137.815897 112.743137 85.985964
144.593483 118.867517 81.289332
154.376501 80.081335 86.710079
129.293247 100.083912 92.231376
129.626734 89.306132 88.726548
147.245784 111.660137 87.113126
149.599403 122.897647 83.916483
138.999457 103.929378 90.562758
154.795588 114.594784 87.598301
137.527685 95.842096 90.132564
151.239743 108.092298 92.835507
149.845777 127.732275 94.148370
149.263588 119.347972 91.385810
153.522322 116.118483 99.679229
146.172669 124.096119 100.672169
143.529336 116.062896 102.906909
150.524574 115.411195 110.253381
143.496347 120.971645 108.804289
144.825621 106.932574 113.539209
139.350920 109.772119 112.676010
134.219596 113.062149 109.710262
98.147361 119.262007 113.317443
141.556352 121.492286 118.894708
145.948337 109.281481 122.492710
136.778877 98.626190 116.622491
129.195395 107.394957 112.684207
98.133038 116.826104 119.838191
140.497519 100.332958 126.260992
132.937528 114.004714 121.966001
136.625264 108.466328 124.866035
98.457372 106.792693 119.656513
125.168868 105.875356 117.550708
129.437558 121.111465 129.638902
96.229258 98.253951 122.575548
94.103265 114.333442 126.553890
129.332876 110.100814 129.577495
133.285644 93.506882 134.883873
129.164860 100.323883 126.258066
122.532854 80.376815 132.954543
94.845693 103.479544 128.883074
123.515315 87.776088 133.399799
99.065543 85.446621 130.008131
117.557350 114.491586 132.259097
125.087373 109.092667 139.126854
94.907082 113.919031 134.883396
121.098593 97.002606 134.448611
120.015475 101.646991 132.685319
93.336298 93.060268 131.413612
115.463340 86.114928 134.157978
114.668009 78.502911 135.462605
113.917784 113.710562 143.029483
119.078542 92.935266 143.394908
93.992759 104.555425 137.083217
112.047069 97.238052 128.088945
106.212603 115.548793 138.085365
101.162997 80.700469 141.661731
112.861167 105.220201 143.097471
95.320414 83.663450 137.826287
109.820652 75.761469 139.405035
107.642299 100.219172 136.542270
112.565073 87.793413 142.202110
102.046526 117.368516 142.475998
104.120767 76.794692 144.901690
109.569885 95.059725 139.807993
106.125475 111.287515 146.054732
97.369279 109.485170 146.239397
93.247588 95.797678 142.634152
98.257709 86.311456 147.483384
107.041385 86.980380 145.929648
101.584002 99.417038 144.851926
99.927047 91.901658 144.173835
134.588330 84.940983 50.659750
140.601444 77.339867 51.872998
132.571064 72.323988 55.272764
134.732305 68.087441 61.629964
137.282989 63.711475 66.729237
147.014071 67.034622 67.010690
137.763418 61.280474 73.659255
143.807387 58.523815 77.632516
147.581364 66.335502 77.840891
138.717008 64.530621 81.938649
137.764099 56.613330 87.951647
135.418538 63.595265 87.864151
132.497728 54.636357 94.712742
128.840388 39.617489 95.974855
132.734852 48.014665 99.745976
124.954215 41.754282 105.571125
120.741839 48.899028 101.913440
117.435221 55.709253 98.803471
146.791879 103.028522 110.226126
112.316683 53.531904 107.788773
116.994550 59.078162 108.988017
148.032730 95.701294 115.502005
141.650046 98.837553 113.152586
141.386898 92.147241 116.204323
131.635679 86.577813 113.986637
114.291516 61.934484 119.103242
107.630340 49.241525 122.045889
132.189344 93.355160 114.181138
109.229575 57.455754 118.115623
122.422084 86.755047 114.256344
118.414899 66.919433 122.701381
122.335545 78.805246 118.632806
117.610777 72.248118 121.013113
96.092264 49.609476 123.948509
130.095044 90.929526 122.767991
115.633522 61.285814 128.392952
118.302190 69.251886 129.248919
105.004151 54.539112 126.927941
127.480613 84.418263 128.112094
126.546051 73.734697 129.198426
98.355739 56.076084 131.232299
111.136915 57.702426 134.109125
118.958855 65.348809 134.423704
94.110811 72.820436 129.925071
96.910596 64.755366 132.062522
104.973789 62.301856 132.295080
121.698432 73.975971 138.790426
112.454187 68.194657 136.308164
97.012007 72.463840 139.077303
104.084774 67.305767 138.364076
132.354432 123.304877 121.523043
118.635579 129.766401 128.851099
122.570929 122.656138 123.186879
114.001859 120.915714 123.695321
111.909026 132.889907 132.797181
110.312803 120.405994 132.016898
109.242900 125.835465 140.387718
141.301124 131.377701 98.985558
144.426674 132.264116 106.646929
131.683540 128.377229 102.994096
139.165691 127.584110 110.947738
136.913652 87.248506 95.679011
148.277768 80.859480 94.523544
149.974965 101.320198 92.725893
143.258083 84.629275 102.427680
147.912303 94.362820 95.838695
151.514328 82.375979 102.978005
148.574318 107.121931 102.544837
150.782480 89.859356 105.176717
153.298479 99.022225 106.394442
145.821931 68.850053 85.909539
138.137331 75.071065 84.575570
126.248127 131.428116 56.652380
128.715727 126.865714 62.711119
127.278727 135.844765 70.757958
130.693514 115.817593 62.370310
124.538935 155.969214 70.931581
136.116019 113.579941 67.431633
121.311758 145.862826 75.231616
128.749166 123.926178 73.669984
128.534688 110.342581 74.307134
122.535398 151.827400 79.506593
121.724474 139.251777 82.347640
125.882603 122.969523 81.772935
127.552223 144.474752 80.169356
128.237907 132.149721 82.673859
127.698527 121.908992 88.404677
133.128155 138.713473 74.280359
134.214249 123.784763 84.357643
136.216820 133.154097 73.471247
138.104032 122.862034 78.521790
143.751667 131.824760 74.035655
147.945421 127.625585 79.804538
144.886548 133.763235 84.236725
148.578430 131.596213 89.148601
119.771163 167.462347 102.496553
115.552309 163.033253 111.138950
97.367901 153.333851 100.247592
95.537166 141.797363 103.032277
92.647471 126.476196 107.972896
97.769426 131.141889 110.858429
96.902091 106.338978 110.917715
96.165264 142.677277 112.497675
101.030086 94.448597 111.421721
101.819983 105.996815 111.981242
103.717204 85.233606 116.931194
96.300178 129.355107 121.553083
102.878208 97.161318 115.992537
94.971410 76.317656 123.195649
100.941138 80.295139 124.496547
102.083319 89.516551 122.199806
95.040224 129.051906 130.566056
98.772466 77.379091 132.045037
93.907188 123.722200 135.985456
102.657520 132.287752 139.511011
97.945796 123.154053 142.368831
108.896519 139.191556 50.542541
102.916667 147.179819 55.077726
104.189537 150.042503 48.257372
100.089656 160.257487 50.308949
116.808552 141.233739 48.994072
96.550360 145.642646 50.120171
114.521506 154.232925 55.092435
108.712023 167.436853 53.368830
93.431224 164.156804 49.922384
98.710970 176.572889 49.694531
93.537625 145.911201 54.577631
94.356543 142.912598 62.289325
99.912568 188.937799 57.018175
112.303109 187.364763 61.196869
118.962981 127.118794 29.321570
132.631353 123.479944 29.325287
127.702786 114.872772 34.794673
118.483514 118.298481 38.146791
140.821507 112.304859 35.628032
109.197333 124.412873 41.807256
129.000100 107.951913 43.715475
126.869692 142.826001 38.135745
116.942282 133.107496 42.650760
133.846256 96.001098 50.252198
143.012573 95.344848 45.168848
111.012301 111.641536 43.283968
121.714987 103.138594 46.702861
127.853227 134.875380 46.877788
134.751081 131.762257 55.394492
119.056198 48.896124 113.056431
148.619652 84.629798 115.374683
146.995799 79.343443 116.439062
122.542314 57.463571 121.810785
138.648423 70.596643 123.074212
140.615092 78.624029 125.642045
144.269685 86.684989 121.491580
128.199958 65.303779 122.445077
138.055384 84.385461 121.157344
131.764222 72.084222 120.569857
133.743066 79.105382 119.938105
118.813111 59.498760 120.764912
122.568975 67.306493 114.878135
126.422756 79.653337 111.235746
122.096283 73.206817 112.937393
149.056750 87.295686 51.651764
145.173707 69.319781 55.179821
149.930191 78.845202 60.184428
151.649327 76.950167 69.435308
113.655737 139.176559 123.673406
130.705425 176.639915 68.821652
136.840206 167.432860 75.494052
128.123777 175.546505 78.609149
140.374461 158.202472 83.985030
119.253976 181.796025 81.892652
132.437500 163.480342 85.439362
139.068886 137.050013 84.331543
135.036971 151.428498 91.529511
127.827439 171.176271 90.540872
136.844303 141.052040 96.761381
138.226438 132.476152 93.752501
118.659248 175.786472 93.803139
130.921658 159.685063 95.110533
133.053984 149.088242 99.413205
132.562246 162.570864 101.463502
126.941129 134.445197 98.953723
134.370412 147.124537 107.330667
128.625613 135.624223 104.939572
124.591704 157.874205 110.240566
129.972014 129.556846 108.935798
117.175774 173.396688 58.852433
124.952589 141.524420 64.825387
121.276027 149.551839 68.944781
100.331051 56.434592 103.245650
99.776198 53.235931 110.664420
93.725865 49.764006 116.457154
94.791618 59.980639 123.628819
93.705709 144.124224 95.046515
96.908597 87.957469 96.810543
95.721836 99.274338 99.336688
93.525734 134.803708 99.543881
94.154349 112.588942 101.784969
94.361740 124.691726 102.627692
93.584554 94.212069 100.995156
92.512602 103.027595 103.003937
94.266732 150.504620 119.440337
95.831921 139.909895 125.406915
137.036549 68.156719 90.055931
137.075420 75.322343 91.744955
149.638685 73.241775 90.585332
135.310827 61.397388 95.448113
133.995753 69.509298 97.659403
142.305211 71.213029 97.457640
151.172421 72.441291 97.497186
135.921663 55.123602 102.367787
137.660301 61.963309 103.058076
136.814982 68.542968 106.446810
144.213168 69.078992 105.113164
127.843638 48.976835 111.770793
148.276148 75.168628 105.757490
136.466311 56.813550 111.181849
135.922490 64.803494 114.586524
143.598309 67.035034 113.780570
126.759344 54.271257 120.075200
142.138509 75.248632 113.758739
132.739535 61.729177 123.262218
135.999827 133.105695 35.290354
142.188996 120.648321 40.492451
148.689985 104.152843 45.962811
144.246178 129.984967 45.568695
137.931143 140.704080 47.579426
151.143863 110.579775 51.323464
142.030685 132.695197 54.926433
151.715984 92.906072 58.034405
148.946828 116.250040 57.650667
154.159444 101.252629 63.210254
143.231982 122.093872 61.014177
155.564429 89.380672 66.209661
141.718151 104.568635 63.450000
147.318672 94.620828 67.024227
147.503747 112.234872 67.942367
152.727564 84.430568 72.759058
139.440693 92.375738 69.942046
146.891968 102.067535 71.330371
143.026488 84.148833 72.874244
149.726757 75.219043 77.966501
145.015350 91.612083 76.241770
140.612829 81.196065 78.879525
117.843367 142.766158 56.483935
123.175794 138.029547 59.897805
125.860737 162.176150 59.689512
127.358867 149.905732 57.536291
96.174661 158.498644 60.780149
128.502344 176.480884 59.127884
95.413335 180.748782 61.768625
135.637979 156.935003 61.100877
94.403098 150.339733 66.705948
98.280676 172.357170 68.158728
138.699815 165.639350 65.040480
106.442503 190.838536 69.026824
94.649370 161.514909 69.023682
117.944012 183.614281 70.471675
133.851749 154.604794 71.325991
98.735430 193.923418 73.671004
141.495229 153.921928 74.522179
134.675226 146.182755 78.350330
96.612509 185.267245 79.925061
96.337097 170.694525 78.819903
144.031756 144.669208 84.405819
110.248562 190.611915 81.108070
92.527134 161.767286 80.928796
98.636650 192.846063 87.178690
93.169023 154.861676 89.237862
112.714783 183.819943 91.393609
95.806721 176.525395 93.203670
97.638756 162.498978 93.315703
105.298665 185.547555 98.065746
95.457806 187.267668 99.328946
111.493515 174.930314 102.932622
93.905996 162.028675 106.224511
93.473735 174.488485 110.208195
101.729039 177.000999 111.945660
109.719060 168.755100 113.190314
135.788161 139.261120 112.650859
129.000411 149.483900 117.916860
115.225475 153.039138 115.614498
93.337079 161.387899 119.408126
97.551512 166.773412 124.166185
108.603540 160.147093 121.338701
131.359505 132.605874 120.571240
127.625399 138.841567 128.018875
119.586537 142.657986 127.247670
112.151213 144.852500 118.953990
95.447421 151.267426 132.063056
103.415320 153.207381 130.166873
111.468568 147.036634 130.414717
95.054257 137.577720 136.371895
105.317275 140.570762 136.198679
97.456612 79.646166 80.750140
99.060820 72.601998 80.671876
96.129468 79.200885 86.676647
100.496747 67.437412 88.629943
95.067552 72.888423 89.404278
96.419956 81.546087 93.287149
104.989406 63.035521 94.552501
92.988035 78.470403 95.919272
104.574725 59.148543 98.191355
93.838968 65.220802 94.704119
93.724478 84.447766 98.218363
98.037531 72.777382 97.754019
96.280084 59.422218 98.253956
95.459681 79.671664 101.804502
96.428474 68.531538 101.645592
93.874704 87.191126 102.763970
102.357292 77.135145 102.706754
93.795881 61.780054 104.793493
94.630316 92.608672 107.008786
98.850320 84.586087 106.575729
92.750692 110.832686 108.800295
92.932535 98.976394 109.062952
98.158043 70.961414 106.801991
92.555391 55.821186 108.467538
94.972131 93.795484 113.467922
101.740376 78.390498 109.152262
95.372670 86.104782 113.813525
95.488042 63.930824 111.137429
96.834807 71.450061 114.033767
93.914253 58.396722 116.575508
97.003500 78.733281 116.511818
95.711233 66.925492 120.463475
120.612560 93.309713 54.412993
110.110554 101.255126 50.080439
111.155089 90.348184 58.435148
57.265852 89.746532 49.542144
53.860263 74.480942 53.847678
59.434393 93.583122 55.905030
63.382800 77.131077 58.206192
44.087219 69.037218 54.829061
54.164117 59.112153 56.785043
59.697414 79.846359 63.171479
63.037077 54.698693 61.914288
62.294427 66.554801 63.432235
69.438760 94.712415 57.058679
52.298069 48.462680 56.858680
64.053657 44.985291 60.140076
67.480941 81.930939 63.100754
71.251016 54.925295 63.233716
70.033550 66.061214 65.172121
44.279490 48.792345 58.103541
70.157444 37.565488 59.793082
75.407401 46.436287 59.122291
73.093797 90.059212 60.457027
56.371010 36.817130 56.864014
40.126273 63.355373 65.122651
75.170815 76.267445 65.125163
77.700116 64.350389 69.362611
81.671402 53.861134 68.579498
82.823314 36.818883 59.909272
41.392468 50.807812 64.840115
68.125167 29.225525 58.816607
85.729872 44.007220 67.315661
76.890694 30.185734 64.788756
57.120730 33.118108 65.309062
72.123368 82.148291 68.721495
75.281480 70.033116 73.729619
84.855356 64.049217 77.806965
43.995819 59.915182 71.086244
48.529152 40.119740 67.913392
85.273995 53.734342 77.235386
67.888227 25.896175 67.000844
81.029457 35.233632 72.723730
39.384927 52.063638 72.709299
77.898000 62.334234 78.155159
66.763164 73.543065 75.131312
76.593281 81.477195 75.209684
76.543855 23.883072 73.804712
81.613209 44.340227 76.897109
64.364442 28.144937 75.075400
78.885486 29.012656 76.542241
66.096003 63.719872 77.413064
70.128520 73.216513 79.309020
41.129795 59.803490 80.632035
77.559695 55.128257 82.595322
56.826896 37.036338 75.668150
46.698904 47.322672 76.701198
75.925363 25.708245 84.347938
85.016630 39.530641 81.826775
84.353687 49.810665 85.898508
41.785924 53.711308 84.151771
68.633486 66.679261 83.225702
64.964464 30.506582 86.106716
83.004786 32.765016 86.964921
52.772763 42.423003 80.890208
75.207869 32.164876 90.754779
59.530440 38.907122 84.673937
81.552779 59.523134 90.369306
84.536901 45.244019 94.696731
71.750824 62.048565 89.066365
47.279100 46.339874 87.511216
63.265315 37.182876 92.463688
82.421878 36.479961 99.884469
56.573067 42.104419 90.287975
82.655843 51.239125 100.040808
73.053485 53.506370 96.796841
51.021712 42.644281 97.427939
72.252076 37.408076 99.309932
72.115118 62.819486 98.939294
79.719511 40.862600 111.118112
55.816114 49.879295 94.810674
62.069656 44.442868 99.817695
73.699231 46.963785 108.553386
66.815245 40.295415 109.397685
61.329125 49.619869 111.476922
67.238201 44.737027 119.865745
38.459914 137.109933 62.337377
30.198387 122.833130 65.651354
34.811478 127.771269 68.924609
34.344317 113.073107 67.515629
24.826207 117.499123 68.937642
41.243344 114.516858 71.732616
27.359538 111.143610 69.863353
50.742973 121.412387 77.916686
35.371068 113.203057 77.050502
23.131868 110.976165 76.667235
48.831552 105.781135 74.209258
27.709320 102.587124 73.774762
40.842661 89.006781 76.491315
33.367190 95.120184 76.533500
53.069552 116.561341 84.211347
51.363977 103.524851 82.022017
55.292448 107.102631 83.604754
30.860248 103.792771 81.434866
52.868577 116.188969 89.547126
48.739752 98.573489 84.050500
46.548210 123.283985 85.909030
56.055482 103.681972 88.871875
25.619946 90.079890 82.998190
26.168168 97.866391 84.750572
47.430417 113.563350 89.587695
51.910762 99.395370 91.691068
42.690522 93.972791 88.477114
39.327202 117.498510 84.262922
43.212472 107.824390 90.173458
30.845414 125.243800 83.146454
46.002363 97.181347 93.085527
31.553792 113.979244 87.325781
38.150973 105.020235 90.286095
23.815136 117.732615 86.924274
28.625988 128.500053 94.210764
26.801678 120.583471 95.362886
25.673826 114.531073 97.882005
34.418090 122.346934 95.982500
30.525222 113.021123 103.786908
31.557826 127.199613 106.032339
27.364629 116.471474 110.004258
33.848429 117.973821 105.807005
40.251313 119.612072 103.564661
34.475591 110.283654 109.012496
83.119006 123.886790 112.719439
30.650142 114.355121 117.520360
35.482230 122.215272 115.073955
39.531915 112.858053 111.059388
45.004576 114.843760 110.253016
37.084379 108.265131 114.092957
77.504885 111.020790 113.336737
80.747625 127.892295 118.915302
40.461994 104.196777 118.541714
40.405917 112.809613 121.971163
50.476249 109.250063 112.966930
35.880204 108.427270 125.948268
81.101345 117.001379 119.297784
42.270318 118.684770 122.915514
50.583845 112.990516 119.112087
77.588564 104.082037 117.534697
41.793225 98.784660 128.084618
49.522216 106.798269 120.601986
43.034623 106.081451 131.690088
83.635269 125.143152 126.675688
46.843026 117.021543 131.514722
83.431207 110.766553 123.919192
81.241245 95.627368 122.200222
49.532249 108.910367 127.613025
60.587577 88.607639 127.885288
51.199351 92.526105 132.264922
51.025370 101.810348 124.697435
76.006442 82.962113 129.952557
48.628553 97.243755 137.582770
84.043517 89.229973 127.854602
52.308759 109.709978 138.390026
58.474102 85.050427 136.941984
85.158755 102.732839 130.421456
57.846991 98.346146 132.949624
61.104365 92.258789 136.834077
58.630225 102.759526 131.683450
62.164084 114.372342 136.656190
81.620770 86.109259 134.887112
85.048636 114.954841 137.761884
62.820154 107.066363 143.985657
86.822905 92.912848 136.613754
65.874026 97.451655 138.389539
66.425554 82.943021 138.054854
67.937008 91.687452 140.639379
75.807546 84.878646 140.500677
69.347238 101.882843 138.591090
78.929442 121.073027 143.868805
70.404651 112.369697 143.032452
84.438189 85.652038 142.274074
75.225839 81.155530 148.126392
83.194739 107.086509 145.001920
77.245370 111.844736 144.456499
68.929200 87.613930 146.515637
73.302229 95.533230 142.161731
70.792515 94.589568 148.528853
85.098665 94.519779 145.220644
78.271515 88.204886 148.494552
76.442089 100.144494 144.165686
78.222100 93.141843 146.446508
41.293789 91.564701 49.798860
44.654042 80.174364 51.332246
39.084611 80.947893 53.628186
41.736710 65.995721 59.787791
31.755902 72.880293 56.472804
33.880340 70.714722 67.458857
28.151840 71.428573 73.313864
39.884702 66.895698 76.924942
38.381495 66.451277 85.159230
40.078379 72.626066 86.089144
44.136698 58.760835 90.431194
43.927604 50.956815 99.068214
51.798823 49.284552 103.385727
31.538047 106.878999 106.292985
54.823107 54.933236 112.040660
59.069185 60.088374 105.073405
33.645519 103.634526 115.014876
35.864371 97.655323 122.283995
58.332123 58.165709 120.189209
42.190498 90.720849 124.003501
66.264374 51.797233 123.213510
66.387938 60.170735 117.561916
42.416914 98.508455 113.659696
61.261071 62.419902 123.221063
52.669039 84.100898 116.215997
48.667760 88.547892 125.754352
76.187469 50.395880 123.471790
50.606397 93.295480 116.355118
54.131737 67.968207 122.536580
47.837808 99.075720 115.804344
54.592035 80.919946 123.694370
59.355630 67.331269 128.783892
83.423953 74.029164 121.919126
60.023786 75.063422 123.529245
55.814676 92.407367 120.796839
52.613483 85.806351 129.945956
73.134558 57.461936 126.137604
85.042909 60.003736 124.397011
66.407907 61.234629 128.451900
79.962204 55.477585 125.353773
82.638473 69.428042 126.060852
53.252510 78.309591 133.779774
60.253224 73.061385 134.082557
66.661079 66.919028 134.036071
70.034515 60.150366 136.500790
79.153861 62.488280 134.513879
83.713590 72.267932 132.995407
60.451561 77.107533 140.910729
67.483559 70.431034 141.802315
74.251797 69.485669 138.903385
80.851092 75.208166 141.766163
71.470382 77.845001 141.159061
49.098131 123.112982 122.790786
58.594614 124.952136 123.067772
64.554006 130.305702 124.631759
55.635667 118.487894 129.769228
64.303673 118.960381 124.005461
65.751984 122.560243 134.259557
40.619733 138.582692 93.004183
46.546897 133.461322 97.417756
35.584390 134.480406 102.118814
27.832286 80.395127 75.619196
34.317029 83.093203 80.324325
31.630476 71.582481 80.175872
38.291462 86.399611 84.756847
34.618056 86.326249 92.678064
25.781081 94.966410 91.108638
36.190726 92.821130 95.541786
25.652306 87.142217 91.815501
38.759454 99.318638 97.371301
26.393083 94.781993 100.912135
28.963391 106.221933 91.561097
34.752891 95.403043 105.676822
26.896010 86.416543 99.862393
29.260948 101.452611 100.156569
28.124621 97.408114 110.898895
26.734000 107.627237 100.312296
25.911051 91.535226 110.436904
26.472166 103.746075 112.318197
40.832124 129.436620 112.543329
41.273222 124.558525 118.464559
52.513249 133.319131 51.850452
51.854760 136.907034 60.932606
43.422157 132.176495 57.214567
50.342170 127.116340 60.479050
49.440239 135.525786 69.206985
49.350228 119.038944 65.221322
43.180793 117.112645 65.720524
56.887568 150.363830 73.288388
52.578621 131.850757 76.083400
52.381794 156.503191 74.270335
50.661569 112.251136 73.785429
56.358300 145.966620 81.628800
48.584456 149.935043 77.710201
54.911060 130.876041 82.597579
42.663856 147.001249 75.340200
51.947884 138.337525 81.422959
45.561250 139.090655 76.178407
50.344693 128.320653 85.523302
40.416222 134.740018 72.166852
42.313282 125.626604 78.924135
37.264132 138.989294 80.610024
32.687071 129.912959 78.018887
34.243173 134.993246 84.952972
30.633747 134.585297 91.502553
58.772137 173.209889 92.696144
61.887695 170.282954 104.463156
84.633464 149.137530 99.037884
85.773204 134.837626 106.212893
85.744771 120.813497 108.286608
81.322932 150.432566 109.861079
81.289665 139.099277 111.656948
81.351996 100.636763 112.296019
82.004552 111.076713 111.957322
79.695913 92.115796 114.102468
76.495594 101.775197 110.951846
77.536011 86.655431 116.914105
82.733338 140.231508 122.238681
75.087715 95.548697 115.473009
81.009892 82.892735 122.725043
75.879987 89.626879 123.756776
84.772056 137.344698 131.578655
83.698597 79.006632 129.412531
83.184578 125.991955 138.025713
78.907559 79.090713 135.873910
74.533047 131.876309 140.698498
71.659272 121.097628 140.152570
69.215745 139.563363 49.986967
75.421713 142.340464 55.296527
75.211387 153.565186 48.621015
80.120610 153.589937 52.164606
80.008894 167.443010 49.116942
66.977042 154.221906 53.701044
74.070414 173.814670 52.686382
85.074498 146.146969 51.847505
86.772516 166.605798 47.638975
83.328932 180.767974 49.861250
75.403694 185.997458 54.621698
85.632801 151.965318 60.190682
83.113752 189.225208 60.889155
68.757369 187.810269 62.355937
61.648901 128.264797 28.017215
55.512319 136.614111 32.041331
41.508384 120.849407 32.148078
50.010136 116.670688 37.421879
59.072961 116.829573 36.992312
69.733487 126.153521 40.712606
65.539523 134.515843 40.544882
39.758535 106.838399 41.118380
47.882219 104.809719 46.929849
53.151938 146.633979 39.822403
31.010936 105.799513 42.346381
68.062919 113.427646 42.363998
46.092407 95.917578 49.553682
57.533219 136.342958 44.222325
56.504016 104.239514 46.599480
67.725350 103.750260 48.289980
47.503310 138.399217 50.365761
30.093117 81.822558 104.452357
31.732250 80.475648 112.628310
31.126490 87.681848 110.471338
50.346773 50.648926 114.298038
35.307416 75.067707 117.806136
30.629964 94.452718 121.627067
35.049146 85.452915 119.065739
42.993740 68.916817 125.148132
37.031310 91.677856 120.835385
40.762647 81.662291 121.111625
42.170781 76.349425 125.668399
41.009856 87.556915 118.346426
52.475905 58.593790 120.956618
48.190322 68.054812 121.333287
46.562885 77.270469 118.301071
46.433302 86.454434 116.125639
54.789843 74.590209 114.044048
31.023396 97.165116 48.808940
29.850871 87.543411 53.201857
26.735267 85.075675 61.521288
25.229361 79.492387 69.200240
56.002199 146.389010 65.363295
54.947290 152.559857 64.823718
66.163445 166.134144 56.123858
62.588846 177.709639 58.163138
50.245210 177.861562 59.951546
57.935938 184.375345 69.904578
46.865053 175.166826 68.120199
67.118447 188.382112 73.795743
40.964366 166.227746 75.691869
49.661820 176.089213 78.453949
59.161851 180.930508 82.149487
36.751373 156.362131 86.306512
64.742477 186.691131 86.422851
48.524113 164.929786 84.017303
36.326973 144.159524 92.040290
48.296869 173.857191 90.101678
44.320215 154.684501 93.526327
45.545650 143.949084 95.609761
65.372330 181.065303 97.398704
44.342095 162.001104 97.317729
51.902252 167.167156 100.682500
40.337996 150.587735 103.054606
49.246464 143.193081 102.000328
46.697505 155.719362 108.014412
52.701523 134.569429 106.944085
55.054404 161.604234 111.852566
43.631889 142.038031 111.331567
49.672859 136.144312 117.188219
48.881934 148.960503 118.877922
57.133635 155.742101 118.856513
45.952642 131.389585 122.232646
51.886366 135.817220 129.364830
59.004396 142.824649 124.690813
65.487068 142.714655 118.380958
70.233770 143.774726 133.816263
66.281933 134.665329 133.852298
75.758845 58.043942 107.007395
76.018927 50.980421 116.010898
85.003448 52.115064 118.054594
84.026671 103.405300 98.596200
84.033983 134.945770 99.589911
82.891202 94.111576 98.974933
84.673464 124.407451 102.448171
84.729552 110.020801 102.355452
82.039700 161.339669 92.018769
79.724990 153.985549 99.885693
83.313767 160.972616 104.683839
85.165010 164.406678 119.433481
84.693788 151.576969 120.397793
32.930708 77.927662 82.099501
37.027191 81.197052 90.173827
41.537907 67.723889 90.904959
39.945680 75.588267 90.787670
34.476208 78.987717 94.363560
39.908657 62.757266 97.144965
35.481182 83.434544 99.635170
43.255498 70.888126 99.578682
33.190908 73.633062 96.557574
35.973949 79.609442 104.054094
40.875890 65.542135 106.158529
42.632792 57.154022 107.704776
33.599530 72.483512 105.050795
41.889623 63.824132 113.618391
37.441210 68.638310 115.221887
46.424489 58.376276 120.114486
43.205341 135.734285 35.309713
39.884710 125.389996 39.996955
30.583971 117.746967 47.454183
38.297235 133.898804 45.407387
41.336166 142.980651 49.590121
32.448738 121.867315 54.179128
26.326521 101.988125 55.385578
24.655416 114.277088 59.350866
37.094442 130.220300 56.659123
23.284553 96.028061 59.617932
39.280942 118.010623 59.074075
26.330920 104.206617 63.451998
40.066710 108.722504 61.543732
35.631140 98.636300 65.400878
24.958791 92.422252 70.107812
41.500291 103.197166 67.456561
42.107013 95.932218 71.335418
34.568515 89.127350 71.247497
61.475417 144.951349 51.962680
58.551867 145.882505 59.417724
55.413954 152.945992 53.063546
54.758996 163.197617 59.303290
49.155085 151.304868 58.192974
42.530999 160.296291 58.228574
47.653784 152.554957 66.535148
40.523258 159.400161 66.257779
37.996095 155.252488 73.258366
34.622954 147.329217 81.152733
84.278525 170.918218 59.393274
84.314185 160.158003 66.919044
81.964146 178.196238 68.343709
81.134154 192.905498 71.953733
79.571424 171.540772 70.987057
72.717800 192.854784 81.995825
81.929392 167.675377 78.731098
82.534476 183.428275 82.599599
83.871283 155.565276 85.933611
74.618116 189.312402 92.245060
82.148014 171.045225 93.976193
83.985566 145.073937 93.959133
84.128965 183.145654 100.049866
75.128343 180.174228 106.673024
84.624706 171.916882 106.960604
70.136542 171.809531 108.004433
63.981326 160.190729 106.106906
80.357534 173.382636 118.950783
68.146027 166.212025 117.604573
62.737975 155.005541 113.590681
76.233894 159.368757 127.287894
66.664544 152.315768 124.615523
84.673709 149.855320 132.529116
79.001602 145.037859 135.055202
79.792342 77.834496 79.550119
78.996440 71.891819 85.149507
82.965578 79.405616 86.642883
73.977839 67.757390 93.493760
82.341880 83.577981 94.589467
84.537788 73.485622 92.105942
85.642715 64.744426 95.162023
84.817223 81.434418 100.577208
83.738709 60.274608 99.777647
81.685099 71.734015 101.186202
84.153332 88.042335 104.138454
85.656260 97.014617 107.963342
77.866862 82.428796 106.418696
86.032420 109.582822 109.079422
85.178416 60.841782 107.960852
80.256387 72.958590 108.529556
82.341223 76.242548 116.103319
83.450604 64.132727 116.000150
83.266387 89.356267 111.218607
82.034476 81.991563 112.719035

