35.905124 73.720766 26.491113
29.027985 75.891492 29.484373
32.293455 82.075036 28.939329
36.151791 88.237546 27.848171
23.401702 83.231043 30.359332
41.483674 95.284936 30.037773
41.058601 87.394599 30.274789
42.490882 77.849988 25.705089
41.617113 71.523214 28.731493
25.725345 78.039325 37.593630
19.593691 79.714920 38.362544
21.529126 72.673883 43.701546
22.089288 69.755090 43.231997
30.252214 83.477453 52.950698
23.642391 76.908883 48.674253
26.320723 84.502439 46.930707
28.727232 89.085843 39.896117
34.120636 94.278955 38.976897
31.396191 92.172898 32.046888
39.431462 91.422473 40.012755
40.264883 89.020694 47.514164
40.541877 83.195759 55.454064
36.182685 80.979781 58.353979
39.649999 72.088350 61.184128
39.984627 64.528215 65.168630
36.608391 62.252506 69.731372
33.677163 68.200384 62.951835
27.183374 64.313242 58.340343
24.084743 69.293869 55.603040
28.059698 71.589368 61.396096
18.488215 65.002127 41.071057
18.564107 65.932999 48.600963
18.787016 62.308605 53.270908
23.771934 59.270128 59.167771
30.284557 52.356987 65.873147
34.743977 55.923381 68.196273
41.536306 46.101040 68.646741
40.617665 54.760545 63.601856
38.759811 46.700702 60.408074
41.603199 81.050356 38.421672
41.832224 72.540713 48.552400
41.427864 59.865333 54.518156
41.754209 50.924095 52.789500
40.766458 41.743680 45.441415
19.214079 58.604255 43.680389
14.339179 58.557726 48.571810
19.346098 54.965190 58.563444
26.426783 48.283996 61.595753
30.734408 47.537603 69.293785
21.888300 47.122571 56.728766
15.273034 43.972475 55.664648
15.078099 51.155617 54.468447
20.344167 49.321590 47.547912
28.454476 42.451420 60.675594
35.566461 39.203950 69.368763
33.359144 34.768651 68.454533
31.660142 32.731132 63.666360
34.186917 27.633558 59.353902
30.871649 25.127789 49.831252
37.106933 20.720843 54.044734
23.583525 36.827887 57.785887
18.658497 39.495991 53.615651
25.045984 29.837468 57.771025
22.366714 31.616721 52.922139
19.481293 35.602779 45.819370
23.967566 26.197383 46.894055
33.633122 31.460638 46.153853
39.655119 36.275408 48.010498
39.555052 32.275288 51.411793
40.811425 31.822621 59.392077
40.262950 40.394757 62.330079
38.565901 28.608098 45.859105
41.646067 20.491559 46.164819
36.198090 26.470278 40.857953
38.429079 19.754399 37.235400
35.581339 15.295970 40.758495
28.885417 18.713618 40.444817
30.149704 18.819910 30.537560
26.201492 23.571863 32.379613
21.751218 29.705998 36.799268
38.086781 22.753281 31.357203
39.865910 29.331733 35.368520
34.278048 36.116242 35.024199
28.886356 31.329229 29.867501
23.513580 36.044571 28.065722
27.093182 43.731593 26.054855
27.443954 56.773128 19.041091
32.747895 48.788617 26.784247
32.778346 61.027615 19.484548
30.550406 70.076099 19.087965
23.661271 62.183368 16.422934
17.834959 53.703516 22.102487
16.856330 44.693854 25.964783
17.440116 35.904619 31.598584
14.747072 39.192812 36.906564
15.754970 49.104569 32.589104
14.517402 54.547667 28.379873
19.076266 64.530052 21.345451
18.599874 44.024126 40.126350
15.987249 48.574484 42.486951
16.291461 52.279274 36.213512
16.167595 59.067655 34.892963
23.121099 61.013335 29.859081
20.702640 69.171906 26.671188
22.588708 53.666627 39.940409
27.536012 54.152158 42.030817
26.538931 62.452536 35.318675
27.481617 70.240773 34.280987
39.142306 54.677644 39.044699
37.506366 67.041793 41.621537
32.031057 64.185786 35.347115
35.439073 61.014860 35.239989
41.583560 68.049323 31.942229
31.199003 51.866475 29.871977
33.253006 62.043773 26.125542
55.459973 72.092706 25.916074
61.372637 76.052691 30.626236
55.803903 82.572577 28.723343
51.360440 88.324009 26.445618
65.644445 82.731161 29.687008
48.530160 96.181106 31.752239
48.962643 88.327103 31.307127
47.810058 77.729122 26.218810
66.964917 79.405707 37.043177
67.143132 74.927665 43.808219
68.480730 69.713236 43.146288
65.321941 77.865155 49.252676
58.247866 80.927723 52.921077
63.269220 85.044212 45.442536
57.703033 89.526383 45.974130
61.014536 90.310275 36.676352
55.187174 93.732992 32.546730
50.414595 95.184276 41.051347
49.269642 86.668542 44.465359
49.157538 89.377053 53.796885
48.717690 77.612196 53.739172
49.577090 79.270168 60.222230
54.433129 72.043534 61.532562
49.256749 69.354448 61.309800
48.243833 62.491927 65.249900
54.016913 62.631012 68.325652
62.296372 73.274302 59.222891
63.920590 67.461712 53.842393
60.747925 65.157087 61.996812
51.670401 49.573558 68.606185
55.551365 55.889417 67.442723
60.853244 53.822720 68.246487
63.821486 55.739276 62.293621
67.511283 62.216182 59.172370
67.397926 57.869184 53.176461
70.383127 64.569408 50.184139
70.437186 64.076927 40.560614
47.757858 48.850957 70.280955
49.959649 48.738377 61.299246
47.784340 80.678583 37.058928
48.122163 71.027945 49.184362
47.418823 56.523518 52.043669
49.291571 49.809477 55.192682
48.748032 41.234451 45.052424
52.789786 45.190443 72.150355
58.743819 46.026047 67.219608
65.737633 46.895936 63.806039
67.556595 52.658248 60.468126
73.085489 54.781353 56.533285
73.803418 58.360499 48.704787
71.652259 56.868604 43.884700
68.229115 48.422734 46.495767
74.181285 50.249091 50.038621
72.227273 44.955826 52.686563
72.892357 39.457037 54.596111
67.432621 44.662847 57.504322
53.695222 37.323657 68.338762
61.214780 41.375691 61.509868
58.161854 35.818749 57.134769
56.479476 32.825003 66.222922
52.995834 25.631406 59.991996
55.914595 24.621133 48.990202
50.626177 19.475925 53.097434
62.320065 21.599093 49.521868
67.007685 29.108411 48.124792
66.882196 34.008124 51.035033
61.410880 28.072149 58.313280
67.507222 34.758721 58.218893
48.203665 35.704054 65.533522
49.951169 39.672358 57.772967
48.192433 31.239272 56.356385
48.789545 29.874090 51.610227
53.114403 32.273362 44.323662
47.845478 22.794017 44.757983
51.327466 21.268992 37.786554
53.180896 14.880532 43.123913
54.373180 15.107398 30.472300
61.001599 18.969055 38.075978
66.854628 26.782873 40.648706
62.401288 22.795751 30.511133
48.991342 21.585509 30.676330
50.348921 28.254457 33.649514
52.145395 33.012515 36.687885
55.959486 35.654598 33.181849
61.185313 28.372286 29.241695
65.121738 35.039438 28.129161
60.387727 41.023321 27.751990
62.144271 55.676529 19.708197
56.728575 48.194344 26.669885
56.931064 60.484992 19.579925
59.205898 69.198715 18.054187
67.192345 60.378575 16.753633
71.958488 50.756564 23.166157
71.316345 41.298802 27.066791
70.271476 32.770874 33.587803
74.427545 35.270955 38.646147
75.327805 43.985977 33.419905
74.213327 53.605586 28.730811
70.387569 64.428859 20.933455
70.880323 40.638730 41.526535
70.331988 41.404621 36.516209
71.921608 41.991342 44.306188
71.954546 48.203898 40.162308
73.477630 53.780834 35.614322
69.789687 60.846325 32.080093
66.959729 68.661002 24.380209
66.599124 51.859122 39.876352
62.043923 52.889574 41.827506
63.551641 60.961135 35.988123
62.357786 67.754133 32.149039
60.256179 70.116159 39.547640
52.132184 53.909641 39.150122
52.408324 66.462736 41.806326
57.625555 63.427874 35.644289
54.245452 61.001934 34.844955
48.730493 67.657714 31.458174
57.953472 50.980883 29.943567
57.014405 61.659675 26.082787
44.766785 47.345480 19.731946

